min;19;43;36;66;83;75;34;74;94;23;
1;0;0;0;0;0;0;0;0;0;<=;734;
0;1;0;0;0;0;0;0;0;0;<=;734;
0;0;1;0;0;0;0;0;0;0;<=;734;
0;0;0;1;0;0;0;0;0;0;<=;734;
0;0;0;0;1;0;0;0;0;0;<=;266;
0;0;0;0;0;1;0;0;0;0;<=;266;
0;0;0;0;0;0;1;0;0;0;<=;266;
0;0;0;0;0;0;0;1;0;0;<=;286;
0;0;0;0;0;0;0;0;1;0;<=;266;
0;0;0;0;0;0;0;0;0;1;<=;266;
-1;0;0;0;0;0;0;0;0;0;=;-734;
0;0;0;0;-1;0;0;0;0;0;=;-266;
0;0;0;0;1;-1;0;0;0;0;=;0;
0;0;0;0;0;0;-1;-1;1;0;=;0;
1;-1;-1;0;0;0;0;0;0;0;=;0;
0;0;0;0;0;1;0;0;-1;-1;=;0;
0;1;0;-1;0;0;0;0;0;0;=;0;
0;0;0;1;0;0;0;0;0;0;=;264;
0;0;1;0;0;0;0;1;0;1;=;678;
0;0;0;0;0;0;1;0;0;0;=;58;

--------- SOLUTION ----------
Obj Value : 0
 ------------------ Variables -------------------
Variables :
X[1]                =          0.0000
X[2]                =          0.0000
X[4]                =          0.0000
X[5]                =          0.0000
X[8]                =          0.0000
Z_Cstr_0            =        734.0000
Z_Cstr_1            =        734.0000
Z_Cstr_2            =        734.0000
Z_Cstr_3            =        734.0000
Z_Cstr_4            =        266.0000
Z_Cstr_5            =        266.0000
Z_Cstr_6            =        266.0000
Z_Cstr_7            =        286.0000
Z_Cstr_8            =        266.0000
Z_Cstr_9            =        266.0000
Z_Cstr_10           =        734.0000
Z_Cstr_11           =        734.0000
Z_Cstr_12           =        266.0000
Z_Cstr_13           =        266.0000
Z_Cstr_14           =          0.0000
Z_Cstr_16           =          0.0000
Z_Cstr_19           =          0.0000
Z_Cstr_20           =          0.0000
Z_Cstr_22           =          0.0000
Z_Cstr_24           =        264.0000
Z_Cstr_25           =        264.0000
Z_Cstr_26           =        678.0000
Z_Cstr_27           =        678.0000
Z_Cstr_28           =         58.0000
Z_Cstr_29           =         58.0000

----------------------------------------------------------------